API: ChunksAndJobs
0, 2663.18161516958
50000, 727.393965054737
100000, 269.850623147618
150000, 155.189102103953
200000, 108.857907959392
250000, 83.585002900163
300000, 70.4207451556651
350000, 59.9666027022905
400000, 49.5328460952372
450000, 44.4042284337923
500000, 40.8383805069203
550000, 37.1898567145135
600000, 32.3632069319683
650000, 30.6458529227371
700000, 29.0201061624119
750000, 27.1871258084447
800000, 26.3708825899883
850000, 24.3365823514174
900000, 22.3269944019294
950000, 21.0412398713065
1000000, 20.0960319715005
